taxon_oid
7000000203
3300001621
3300005508
3300005994
3300006864
3300008044
3300006919
3300000146
7000000674
3300004120
3300005453
7000000187
3300003544
3300009609
3300001961
3300000085
3300001986
3300005656
3300001060
3300006376
3300009594
3300006927
3300002235
3300009655
3300000222
3300002396
3300005590
3300002402
3300005346
3300003592
3300010055
3300001969
3300003755
3300006910
7000000332
3300001107
3300009141
3300005563
3300000408
3300009657
7000000180
7000000145
3300005558
3300006030
3300009131
3300002529
3300002064
3300003261
3300006642
3300009772
3300001644
3300004802
7000000516
3300001384
3300003728
3300004114
3300004569
3300001158
3300005469
3300000449
3300002708
3300008175
2124908008
3300002808
3300006020
3300001009
3300006165
3300007562
3300007470
3300001151
3300001081
3300008212
3300006796
3300008186
3300001705
3300006950
2228664019
3300003641
3300004622
3300009412
3300003382
3300005110
3300009472
3300000793
3300009667
3300000383
3300007074
3300010117
3300005575
3300001774
3300007558
2010549000
3300005423
3300000248
3300002704
3300000754
3300005444
3300007237
3300002795
3300002629
3300006736
3300003115
3300003395
7000000692
3300006025
3300000628
3300002782
3300005595
2008193001
3300002288
3300003271
3300000931
7000000272
3300003203
3300003147
3300009730
3300006114
3300001344
7000000286
3300002916
3300003097
3300001654
3300002042
7000000128
3300005661
3300000269
3300002242
3300000820
2022920007
2199352028
3300005366
7000000323
3300006039
7000000075
3300005910
2088090005
3300000176
3300002450
3300001266
7000000496
3300006645
3300004178
3300010124
3300001139
3300002087
3300006691
7000000119
3300009793
3300004183
3300007587
2014642004
3300000782
3300008016
3300003568
3300000555
3300006916
3300007444
3300004092
3300005389
3300000926
3300006048
3300001278
3300001004
3300006605
3300006754
3300004610
3300009525
2030936001
3300007545
3300002726
3300002321
3300003942
3300006845
3300004781
3300007495
3300003807
3300000117
3300009164
3300007665
3300004619
3300010146
2081372007
3300002624
3300006684
3300001582
3300001685
3300005243
3300000231
3300004476
3300010110
3300005646
3300006225
3300003216
3300009764
3300010044
3300002272
3300001548
3300000256
3300001586
7000000219
3300005402
3300000923
3300004502
2088090031
3300000911
3300003824
2236347000
3300004102
3300009476
7000000163
7000000377
3300009152
3300001049
3300009625
3300001053
3300002037
3300002480
7000000480
3300009812
3300009577
3300000981
3300001464
3300008202
3300001607
3300000755
3300003813
3300006352
7000000040
3300002312
3300005715
3300004605
3300007328
7000000192
3300004967
3300000551
3300000611
3300002305
3300001144
3300000722
3300001010
3300006930
3300009802
3300004954
3300009682
3300000239
3300000741
3300005809
3300009519
3300004534
3300003339
3300001204
3300004259
2022827001
7000000001
7000000669
2035918005
7000000063
3300002055
3300003907
3300007633
3300003233
3300009814
3300003214
3300002747
3300007004
2004247003
3300009097
3300005498
3300003603
3300000518
3300003579
3300002425
3300005936
3300003163
3300004797
3300009524
3300005406
3300005377
3300003618
3300002095
7000000595
3300000589
2022920002
3300004562
3300007962
3300006720
3300003760
3300000092
3300006581
3300006633
3300008222
3300007479
3300009650
3300008184
3300004229
2077657018
7000000432
7000000553
3300002361
3300005413
3300005917
3300002146
3300004470
3300005530
2040502000
3300004138
3300002671
3300002524
3300002522
3300003398
3300003787
3300002070
3300002208
3300005924
3300006636
3300001782
3300001400
3300009143
3300000317
3300000585
3300000700
7000000104
3300001573
3300002254
3300010192
3300006058
3300005945
7000000301
3300004222
3300002546
3300003780
3300008013
3300002880
2088090014
3300002685
3300005858
7000000307
2032320006
3300007551
3300000894
3300004277
3300005951
3300001700
7000000011
3300002713
3300009697
3300000602
3300000318
3300003272
3300007598
3300004572
3300003601
7000000457
3300009618
3300006399
3300001630
3300005527
3300003198
3300004837
3300001615
3300003909
3300000734
7000000531
3300002745
3300009523
7000000710
3300010162
3300001124
3300004631
3300001696
3300006587
3300003079
3300006388
3300005607
3300000767
3300004769
3300005551
3300003268
3300000711
3300004083
3300004593
3300000499
3300004514
3300008051
3300009073
3300000158
3300003750
2100351011
3300002535
3300003801
3300000637
7000000477
3300002721
3300006937
2081372012
3300005505
3300004137
3300003681
3300002319
3300000376
3300002291
7000000292
3300005251
3300000609
3300006719
3300005284
7000000313
7000000247
3300009822
3300001309
3300006852
3300007603
3300003425
3300002161
3300008996
3300006186
3300010130
2084038013
3300006071
2008193000
3300005152
3300005116
3300005428
3300001809
3300002243
7000000459
3300006237
3300005392
3300001710
3300005562
3300004126
3300006809
3300007242
3300005984
3300001098
3300005529
3300009738
3300000164
2022920021
3300008006
3300005860
3300007986
3300002712
3300006797
3300003732
3300002475
3300001811
3300004177
7000000087
3300001866
3300003696
3300006903
3300004508
3300001972
3300004234
3300004189
3300006686
3300002907
3300010043
3300000397
3300002633
2199352009
3300004618
3300009053
3300006703
3300000888
2013843002
7000000413
3300009587
3300001256
3300001407
3300004543
3300003281
3300000439
3300000667
3300000232
3300001717
3300000419
3300001647
2013515000
3300008193
3300000108
3300002897
3300003717
3300006637
7000000240
3300003188
3300005293
3300004164
3300009155
7000000525
3300009781
3300005298
3300004477
3300002559
3300006945
3300007591
2004247006
3300001343
3300009441
3300002771
3300002807
3300001979
3300003304
2067725000
3300001679
3300002268
3300000126
3300001167
3300000942
3300005341
3300000644
3300001745
3300004500
7000000446
3300010177
3300005331
3300009512
3300007985
3300010072
3300001723
3300002222
3300002835
3300005638
7000000390
3300001545
3300004103
3300007424
3300005537
3300001091
3300009837
3300003769
2199352005
3300006804
3300006577
3300005631
3300009756
3300005435
3300005338
3300006714
3300001290
3300008238
3300002574
3300004243
3300006191
3300010148
3300002870
3300002335
3300002950
3300001182
3300005386
3300001015
3300008020
3300006876
3300003372
3300004281
3300006606
3300003221
3300008033
3300009674
3300002927
3300000651
3300003561
3300008036
3300008237
3300003498
3300004686
3300000690
3300003481
3300001499
3300005612
3300001989
3300005163
3300003572
7000000658
3300009744
3300009681
3300008174
3300009726
7000000210
3300000966
3300003552
3300002261
3300003486
3300007291
3300004280
3300009081
3300006905
3300001753
3300002384
3300001693
3300001258
3300002436
3300005687
3300000352
3300003346
3300009180
7000000005
3300006172
3300001338
3300002511
3300007494
2016842004
3300004520
2140918006
3300001023
3300000717
3300006403
3300000876
3300003709
3300001172
7000000130
3300000972
3300009051
3300007213
3300003102
3300005870
3300004268
2199034002
7000000637
3300005970
3300000183
3300000626
3300005134
3300002088
3300006735
3300009692
3300004579
3300004583
3300009759
3300002915
3300001034
3300006363
3300007815
3300004810
3300003748
3300003795
7000000737
2022920013
3300001575
3300005513
3300005144
3300001954
3300003409
2209111015
3300003123
3300002403
3300003494
3300000763
3300000707
7000000389
3300004546
3300000838
3300001197
3300003142
3300004099
3300003980
7000000238
7000000722
3300008244
3300003361
3300001067
3300008247
3300007601
3300005126
3300002755
3300000410
3300005585
3300005422
7000000540
3300006014
3300003338
3300007458
3300006017
2044078006
7000000135
3300006100
3300010092
3300001179
3300002684
3300000150
3300006045
3300005102
3300003727
3300007651
3300005697
3300007716
3300000686
3300008093
3300007071
3300001449
3300001561
3300000036
3300001422
7000000742
3300003849
3300007162
7000000111
2199352004
3300005352
3300009646
7000000612
3300009632
3300000695
3300000253
3300002561
3300006166
3300000699
3300005255
3300002289
7000000524
7000000276
7000000625
3300005445
3300005111
3300005580
3300003204
3300003908
3300004766
7000000635
3300000728
3300001736
3300004529
3300007345
3300000646
7000000508
3300000979
3300001457
3300004263
3300006951
3300000770
7000000026
3300005907
3300007170
3300005499
3300010118
3300009590
2156126005
3300002619
3300005461
3300006683
3300002783
2119805007
3300003360
3300005614
3300002601
7000000479
3300003796
3300001655
3300006028
3300006699
3300001743
2017108002
3300002709
3300006129
3300002320
3300004639
3300010100
3300001408
3300000116
3300000556
3300002623
3300007430
3300010123
3300005365
3300002727
3300000956
3300000452
3300005598
3300005806
3300004282
3300001626
3300002086
3300006047
3300007445
3300000970
3300001143
3300000030
2199352027
3300008015
3300003521
3300002096
3300007629
3300000946
3300003720
3300010147
3300005388
3300006755
3300009586
3300009526
3300002885
3300004085
3300009620
3300004489
3300002917
3300009165
3300003806
7000000541
3300005434
7000000200
3300010145
3300007597
3300010036
3300010088
3300005655
3300003140
2035918003
3300004577
7000000188
3300001097
3300007195
3300009079
3300003756
3300004205
3300002124
3300000247
7000000297
3300004550
3300010135
3300004106
3300003240
3300000980
3300000608
3300004128
3300005930
3300005975
3300006917
7000000675
3300009595
3300006911
3300002063
3300006870
3300002369
3300002236
3300009710
7000000501
3300007236
3300008043
3300005657
3300004606
3300000749
3300000409
3300009582
3300005861
3300004570
3300000630
3300003211
2236876004
3300006120
7000000331
3300003381
3300006690
7000000062
3300005844
3300009705
3300000716
3300001962
3300004121
3300000221
3300002670
3300007622
3300004157
3300004115
3300009656
3300000919
3300009413
3300009731
3300002705
3300001152
7000000191
3300004482
3300003861
3300002631
3300006599
3300000526
3300008165
3300000147
3300006115
3300002075
3300002883
3300001161
3300005407
3300007340
3300009133
3300003604
7000000290
3300004557
3300001279
3300007963
3300000627
3300006711
3300010095
3300004054
3300000586
2088090006
3300001401
3300000396
3300002679
3300000524
3300006040
3300010063
3300003103
3300009813
3300010191
3300000354
3300004789
3300009720
3300006629
3300000603
3300004139
3300002695
3300006628
3300000967
3300007544
3300006369
3300004586
3300006423
3300001190
3300002717
3300008052
3300000909
3300000093
3300002180
3300000710
3300001942
3300005539
3300003588
3300005952
2081372008
3300002543
7000000010
3300002794
3300002523
2032320008
3300004276
3300005459
3300002360
2065487014
7000000302
3300005172
3300003615
3300002816
3300004193
3300000316
3300006372
3300002207
3300000950
3300009142
3300002928
3300000893
7000000308
3300005944
3300009495
3300002387
3300009090
3300000569
3300003659
2004247004
7000000433
3300000230
3300009171
2228664009
3300007535
3300001581
3300005557
3300005670
3300009038
7000000249
3300003234
3300002518
3300000084
2124908021
3300008761
3300001547
7000000404
3300005403
3300006865
3300001585
2140918005
3300009811
3300000914
3300009765
3300001117
3300002466
7000000288
3300006803
3300006124
3300006926
3300003591
3300009423
3300002318
3300009602
3300001574
3300005475
3300009153
7000000745
3300003260
3300000255
3300001368
3300004501
3300003773
2100351000
2162886007
7000000608
3300005544
2228664021
3300000211
3300003247
7000000464
2049941002
3300005690
3300000205
3300002536
3300009771
3300001947
3300010054
3300007658
3300002174
3300003827
3300005993
3300000612
3300002669
3300007336
3300007640
3300009643
3300002540
3300007639
3300003553
3300003812
3300007559
3300003239
7000000175
3300010155
3300001267
3300000999
3300007329
3300005242
3300002266
3300000721
3300006931
3300000552
3300005468
7000000095
3300006375
3300002378
3300005868
7000000146
3300005492
3300009518
3300000925
2007427000
2035918004
3300005510
3300002662
3300007253
3300000822
3300002449
3300009668
3300009678
2014031006
3300003672
3300000610
3300000431
3300005636
3300002878
3300004237
3300001178
3300002290
3300000381
3300006034
3300010126
7000000086
3300001795
3300003699
3300010046
3300002834
3300001971
3300003731
3300007814
7000000326
7000000403
3300003090
3300000218
3300006704
3300005325
3300005396
3300006902
3300001865
3300009052
3300003152
3300001413
3300007577
3300007590
3300002746
3300004176
3300005117
3300002896
3300006638
3300009739
7000000349
3300009821
3300001869
3300004478
7000000058
3300009617
3300003943
3300009780
3300003114
3300003146
3300001035
3300003695
3300002636
3300000355
2067725001
3300003761
3300006782
2016842003
3300003229
3300004533
3300009757
3300006904
3300001938
3300003356
3300004607
3300003701
3300004956
3300002399
3300001130
3300005559
3300010107
7000000695
3300007418
3300002160
3300006944
3300004803
3300005431
3300004165
3300004513
3300000839
3300000127
3300002267
3300006000
7000000650
3300000426
3300007987
3300005538
3300001746
3300002562
3300010176
3300002901
3300008050
3300001100
3300003679
3300006359
3300000643
3300002659
3300007219
3300004600
3300005925
7000000482
3300005637
3300003336
3300005340
3300000639
3300009838
2124908027
3300001881
3300006393
3300001448
3300008999
3300004560
3300002260
3300010073
3300003609
3300008034
3300010182
7000000012
3300000652
3300005506
3300000507
3300005528
3300002569
3300006385
3300001684
7000000353
3300005162
7000000388
3300007715
3300007619
3300004084
3300001471
3300003788
3300006123
3300001638
3300003545
3300008223
3300009432
3300004158
7000000109
3300006196
3300000418
3300000334
3300009631
3300004630
3300006600
3300005999
3300001181
3300005250
3300005075
3300002961
3300002209
3300006381
3300009507
3300003133
3300006586
3300005850
3300009808
7000000181
2100351012
7000000626
3300003424
3300006952
3300000672
3300005561
3300004127
7000000314
3300000260
3300006072
3300009496
3300005285
3300002417
3300007604
3300004596
3300009074
3300000425
3300003317
3300005373
3300004796
3300000768
3300005429
3300001631
3300007161
3300000325
3300001046
3300002358
3300001784
3300002344
3300004130
3300005960
3300002744
3300005871
3300002817
3300005847
3300006891
3300007175
3300005323
3300000375
3300007585
3300008240
3300006108
3300010252
3300002123
7000000159
3300001066
3300005145
3300002610
3300005976
3300001297
2084038018
3300006798
3300002519
3300000764
3300005696
3300006881
3300000708
3300009414
3300001959
3300006050
3300009711
3300005271
3300001428
3300001646
3300005521
3300005171
3300005155
3300005608
3300004544
3300006851
3300005277
3300005992
3300005586
3300005292
3300006101
3300000748
3300004507
3300001108
3300003396
3300003779
3300003602
3300003495
3300006055
3300006106
3300003414
3300003499
3300002009
3300007609
7000000042
3300003099
3300010196
3300010136
3300008246
3300002754
2001200003
3300002600
3300009658
3300002460
3300005959
3300004223
3300001562
2124908041
3300000685
3300009439
3300005105
3300009662
3300000053
3300005254
3300002036
3300001724
3300009612
3300002505
3300005353
3300002221
3300001423
3300003768
3300001576
3300003369
2228664013
7000000218
3300007602
3300008964
7000000281
3300000151
7000000112
3300003562
3300004687
3300005339
3300006005
7000000132
3300009082
3300001001
3300005135
3300002833
3300001016
3300000365
3300004265
3300006844
3300003222
3300006589
3300000470
2199352035
2029527000
3300008239
3300000885
3300009181
3300003303
3300000327
2140918025
3300001434
3300006693
3300003580
3300001250
3300008173
3300006173
3300003487
3300005161
3300009500
3300003571
3300009745
3300006576
3300009186
3300006118
3300005967
3300009415
3300000840
3300005452
3300009727
3300002984
3300009840
7000000027
3300003569
3300001284
3300000696
7000000174
3300007999
3300004231
3300009735
3300001137
3300001121
3300008026
3300001855
3300000971
3300005686
3300008252
3300005576
3300001024
3300000877
7000000659
3300000625
3300001339
3300009801
3300010154
3300001171
3300000185
3300009050
3300000689
3300008213
3300001692
3300003578
3300008218
3300001159
3300009766
3300002951
7000000158
3300000664
7000000738
3300000758
3300005630
3300006685
3300001240
3300003340
3300010070
2018235000
3300004188
3300009069
3300009810
3300005644
3300001957
3300009170
2030936000
3300003308
3300005178
3300002716
3300002040
3300005404
3300000789
3300004786
3300004496
3300009574
3300008010
3300003475
3300002468
2124908045
3300010035
3300003822
3300009680
3300002368
3300000141
7000000371
3300002678
3300010087
3300003559
7000000466
3300001175
3300007423
7000000551
7000000437
3300004691
7000000663
3300001687
3300002531
3300004617
3300005241
3300004555
3300002687
3300010042
3300002307
3300001919
3300000214
3300001948
3300009517
3300010104
3300010101
3300003815
3300009713
3300002448
3300001264
3300005938
3300004959
3300005720
3300007813
2029527005
3300002884
3300005245
3300005931
3300008176
3300000891
3300003104
3300002039
3300010158
3300006716
3300004232
3300006689
7000000244
3300002541
3300000224
3300002776
3300003231
2088090007
3300002632
3300004961
3300003337
3300004504
3300009732
3300010080
3300007337
3300000525
3300000935
3300002300
3300006705
3300005495
3300005717
7000000162
2029527006
3300003762
7000000230
3300010245
3300009762
3300008188
3300000746
3300006572
3300001584
3300000701
3300006367
3300004767
3300002278
3300005408
3300005181
3300006583
3300002080
3300003384
2032320009
3300003838
3300001974
3300009179
3300006361
3300002639
3300004591
3300004799
3300002815
3300003582
3300005118
3300006862
3300002618
2162886013
3300001455
3300005688
3300010248
3300009095
7000000507
3300004558
3300000148
2044078005
3300006128
3300000204
3300000720
3300009585
3300002926
7000000369
3300000587
3300006940
3300010194
3300002309
3300009416
7000000538
3300000196
3300000892
3300004615
3300000968
3300009611
7000000237
3300006604
7000000598
3300005546
3300002097
3300003611
3300003248
7000000609
2032320001
3300002533
3300002150
2228664012
3300001952
2014031003
3300004469
3300004100
3300001680
3300009591
3300005458
3300003683
3300001870
7000000018
3300000907
3300002069
3300004793
3300003605
3300003733
3300004199
7000000046
3300006644
3300000797
3300009649
3300001596
3300006855
3300003546
3300000174
3300007964
3300001718
3300004110
3300005672
3300002459
3300002173
3300003407
3300004567
3300002076
3300001623
2166559022
3300009422
3300004800
3300004790
3300005640
3300000442
3300002948
2022920006
3300001659
3300000090
3300006647
7000000523
3300003172
3300000607
3300010115
3300003775
3300001289
3300002955
3300004620
3300004116
3300003327
3300002237
3300007621
3300001409
3300005425
3300000635
3300001628
2013954001
3300007248
7000000720
3300002806
3300006708
3300007519
3300004527
3300007561
3300009747
3300009193
2149837011
3300003673
3300004122
3300007338
3300003800
3300002100
3300000735
3300003201
3300002702
2236876005
3300005378
3300004774
3300005862
7000000579
7000000182
3300000226
2228664008
3300006914
3300009644
7000000622
7000000655
3300001650
3300003726
3300006697
3300003431
3300002298
3300005658
3300001006
3300010132
3300002668
3300006682
3300000776
3300006116
3300002824
3300003566
3300007552
3300003985
3300003117
3300001040
3300000727
3300000881
3300003809
3300001967
3300001155
3300001412
7000000270
3300003410
7000000418
3300006095
3300000715
3300002323
7000000029
3300005593
3300009819
3300002784
3300009795
3300000908
3300003858
3300001212
3300006598
3300008190
3300004154
3300002617
3300002654
3300002345
3300003130
3300002706
3300000115
3300010169
3300009690
3300003121
3300004093
3300005150
3300002286
3300002491
3300000258
3300005460
7000000494
3300002159
7000000686
3300004638
3300009589
3300004260
3300007413
3300010144
3300007346
3300000771
3300002062
3300005451
3300007436
3300009800
3300002382
3300002111
3300001169
3300006023
3300009628
3300010049
3300002918
3300002244
3300004107
3300005467
3300009162
3300009435
3300005164
3300005974
3300002415
7000000126
3300004194
3300001614
3300001737
3300002719
2199352010
3300005912
3300003370
3300000624
3300004269
3300002350
3300002119
3300006938
3300003224
2081372001
3300006588
7000000656
3300006117
2140918004
7000000131
3300003938
3300005142
7000000611
3300000913
3300001118
3300008024
3300005165
3300005136
3300009736
3300002238
3300006006
3300000517
3300001748
3300000974
3300003169
3300000184
3300000944
3300005246
3300003298
3300008168
3300001017
3300005680
3300003379
3300006016
3300007492
3300009605
3300009083
3300005270
3300005487
3300002336
2084038008
3300003700
3300001854
3300006575
3300001201
3300003417
7000000053
3300000948
3300001025
3300002379
3300002107
2162886008
3300007692
3300006354
3300001074
3300001243
3300000641
3300008196
3300003550
3300002359
3300001738
3300002611
3300002606
3300008216
3300005589
3300003587
3300000757
3300005919
3300001755
3300000163
3300008241
3300008219
3300005587
3300000684
3300000401
3300003357
3300001174
2013843001
3300006737
3300002686
3300004688
3300007722
3300001605
3300003344
3300000875
3300006562
3300004568
3300003368
3300006109
3300003161
3300002169
7000000113
3300008019
3300000693
3300005840
7000000402
3300004219
3300001764
3300000868
3300003411
3300005426
3300002875
3300000761
3300004224
3300001235
3300003287
7000000094
3300010116
3300001904
7000000618
3300003847
2124908044
3300006988
3300000774
3300003150
3300002112
3300008249
3300003817
3300002479
2035918001
3300000152
3300005159
3300003393
3300002414
3300009769
2084038020
7000000735
3300003492
3300003219
3300007221
3300000709
3300006107
3300002552
3300003599
3300003496
3300003977
3300005926
3300001215
7000000570
2022920011
3300007450
3300002186
3300002401
3300001126
3300005141
7000000041
3300006242
3300003366
3300009746
3300006032
3300000594
3300009754
3300010256
3300005699
3300002872
3300006051
3300005520
3300003328
3300004581
7000000481
3300002168
3300008031
3300005601
3300004182
3300003335
3300001292
3300000993
3300002408
3300000137
3300001577
7000000585
3300006019
3300001394
3300006580
3300005430
3300002775
3300004275
3300009663
3300006854
3300005104
3300006386
3300003423
3300003077
3300000765
3300000094
3300000374
3300002966
3300002805
3300007523
3300000340
3300008224
3300010184
3300003350
3300006591
3300009698
7000000455
3300006127
3300003855
2035265002
3300006925
3300009187
3300005484
3300006802
3300005961
3300004601
3300010175
3300008008
3300010174
3300009704
7000000171
3300001382
3300000736
2228664018
3300007235
3300006715
3300003136
3300002723
2001200002
3300001299
3300009820
3300003698
3300000107
3300007959
7000000073
3300009158
3300009433
3300005282
3300001162
7000000392
3300004166
3300004972
3300005849
3300001719
7000000422
3300005324
3300000713
3300001282
3300006392
3300005564
3300001712
3300002743
2010170001
3300009055
3300006209
3300010246
3300006808
3300006380
7000000514
3300002490
3300005851
7000000475
3300006397
3300005577
3300009502
3300001462
2084038011
3300006646
3300003212
3300003734
3300001263
3300000128
3300003151
3300001868
3300001072
3300006639
3300005276
3300002122
3300001570
3300007536
3300005343
2124908006
3300003784
3300006768
3300010074
3300003186
3300002527
3300005399
3300003484
3300003145
3300005236
3300000688
3300004780
3300003684
7000000411
3300000333
3300004131
3300004252
3300000816
3300000361
3300009076
3300002245
3300010025
3300010137
7000000222
3300001592
3300005507
3300006728
3300005675
3300004202
3300001951
3300002473
3300000262
3300000215
3300001645
2140918023
3300007635
3300001796
3300001429
3300005522
3300005609
3300002576
7000000082
3300001639
2067725002
3300003400
3300002469
3300005535
3300009521
3300009672
3300002508
7000000339
3300007419
3300001698
3300005689
3300001131
3300004516
3300004518
3300005360
7000000444
3300010099
3300005968
3300005177
3300004531
3300001055
3300001617
3300000120
3300006947
3300006907
3300000936
3300002058
3300001939
3300006948
3300007644
3300007988
3300000836
3300004175
3300000613
3300001089
3300004621
3300009839
3300003793
3300007618
3300000678
3300002081
3300006795
3300001080
3300005237
3300001454
3300000364
3300000149
3300005415
3300005187
3300007634
3300002488
3300004168
3300003383
3300002308
7000000309
3300010195
3300006721
3300002832
3300004495
7000000285
3300002839
3300005409
3300010193
3300003617
3300004628
2038011000
3300004132
3300007471
3300004798
3300002279
3300004584
3300001087
3300000702
3300002667
3300005180
3300001608
3300003594
3300002539
3300010066
3300002385
3300001164
3300002346
3300002532
3300006875
3300000310
7000000393
3300001265
3300007322
3300003408
3300002313
3300005482
2070309004
3300005939
7000000304
3300009420
3300005918
3300006373
3300002172
3300002462
3300003606
3300005523
3300005693
3300003774
3300003610
3300000614
3300004294
3300007588
3300006941
3300004792
3300009068
3300000091
3300002793
2007309000
3300006003
2088090013
3300009089
3300002061
3300009417
3300009421
3300005170
7000000592
3300005545
3300004556
7000000382
2140918003
3300003825
3300000588
3300002366
3300004101
3300004787
3300001686
3300004616
7000000268
3300002697
3300003612
3300000199
3300000854
3300003253
3300009614
3300009627
3300002545
3300008181
3300003710
3300004575
3300004503
3300001383
3300005645
3300010157
3300005953
3300005405
7000000465
3300001145
3300002688
3300000095
2088090008
3300009009
3300001940
3300004250
3300006924
3300006863
3300006933
3300001945
7000000372
3300000213
3300007185
3300003334
3300010102
3300007811
3300004484
3300000341
3300007575
3300004204
3300000899
3300009173
3300003551
3300002677
3300003432
3300009641
3300006370
3300005991
3300003307
2067725003
3300003814
7000000358
3300009576
3300005711
3300009622
3300009436
3300007255
3300009619
3300009588
3300000173
3300005946
3300005244
3300006400
7000000035
3300002098
3300002814
7000000550
2044078004
3300002542
3300005273
3300007164
3300005240
3300010160
3300004218
3300000062
7000000144
3300003859
3300003763
3300000890
3300001594
3300001432
7000000431
3300004962
2189573024
3300001438
3300003697
7000000228
3300003232
3300009634
3300005718
3300000740
3300008187
3300003674
3300005179
7000000007
3300000515
3300009763
3300004775
3300006182
3300004235
3300005998
7000000640
7000000282
7000000563
3300006364
3300009054
7000000193
3300009661
3300000787
3300010061
3300006026
3300002265
3300003164
3300005327
3300005629
3300005973
3300000114
3300000772
7000000693
3300005379
3300001156
3300007553
3300003581
3300007193
3300005596
7000000684
3300000989
3300010247
3300003106
3300000257
7000000324
3300001245
3300004094
3300005412
3300006681
3300010143
3300000726
7000000274
3300000932
3300002825
3300009733
3300004155
3300000927
3300002785
3300009584
3300001812
3300002707
3300004068
7000000495
3300007538
3300003620
3300006749
3300002090
3300001157
3300008166
3300006057
3300006953
3300008198
3300005911
3300007627
3300005450
3300004690
3300004636
2149837027
3300002919
7000000687
3300002718
2061766007
3300001003
3300000309
3300003786
3300002690
3300004191
3300002426
2004247001
2124908035
7000000202
3300003567
3300001168
3300001415
3300005834
7000000543
3300005466
3300001657
3300002114
7000000417
3300001620
3300010125
2088090000
3300002397
3300004637
3300002287
3300000994
3300004764
7000000532
7000000125
3300003808
3300009163
3300001105
3300007443
7000000342
3300008005
3300001725
3300001968
3300001775
3300003171
3300000827
3300001426
3300001770
3300004123
3300001777
3300004111
3300002910
3300010034
7000000360
3300003209
3300003242
3300002621
3300007363
3300005659
3300000982
3300001960
3300006696
2140918017
3300001587
3300001629
3300006049
3300004594
3300009603
3300004541
3300005138
3300001150
3300005291
3300001030
3300008032
3300003753
3300002306
3300010041
3300005143
3300000225
3300007560
2022004001
3300009707
3300003902
2051774008
3300005424
3300004608
7000000363
3300002647
3300009192
3300005456
3300009080
3300007599
3300004117
7000000623
3300000683
3300009792
7000000721
3300007522
3300003306
3300009654
3300001958
3300003202
3300005673
3300009748
3300002612
3300004643
3300001026
3300002640
2084038000
3300009712
3300006419
3300010307
3300001766
3300003288
3300000386
3300000223
3300000747
3300003282
3300000762
3300004181
3300003367
3300001871
3300010250
3300005119
7000000239
3300000869
3300001726
3300002502
3300006052
3300002622
3300007600
3300007610
3300008094
3300001027
3300010138
2124908043
3300010113
3300005581
3300007493
3300004542
3300008248
3300000035
3300000961
3300002108
7000000736
3300002799
3300006880
3300001214
2022920012
3300003185
3300005290
3300003124
3300005158
3300002407
3300009758
3300005457
3300005140
3300003493
3300001465
3300002068
3300002924
2035918000
3300009442
3300002223
3300005857
3300002551
3300004118
3300003910
3300010255
3300006104
3300001393
3300004246
3300009540
3300000153
3300006243
2124908004
7000000025
3300002507
3300005990
3300005107
3300007486
3300003365
3300001578
3300008095
3300009024
3300009842
3300009673
3300008236
3300002121
3300005330
2077657014
3300005279
3300000593
7000000564
3300005600
3300004565
3300009664
3300001421
3300003305
3300003497
3300000973
3300003573
3300001018
3300004509
3300002167
3300006939
3300001446
2044078011
2156126002
7000000061
3300005683
3300002038
3300008217
3300007203
3300001291
3300009737
3300009084
3300006574
7000000657
3300003329
3300000187
3300010310
3300004267
3300009755
3300009638
3300007240
3300007554
3300010093
3300006738
3300002720
3300004788
3300008167
3300001048
7000000150
3300005137
3300006630
3300008195
3300001200
3300007747
3300003759
3300009604
3300002322
3300003418
3300005909
3300002696
3300003560
3300000367
7000000172
3300003394
3300001173
7000000156
3300006353
3300004971
3300000212
3300005262
3300003241
3300007228
3300001337
3300000162
3300001694
3300002563
3300006853
3300001041
7000000052
3300001075
3300004689
3300008950
3300010023
2199034001
3300003345
3300009037
3300006713
3300006849
3300000623
3300002831
3300002735
3300001123
3300000687
3300009449
3300001242
3300001038
3300004528
3300006906
3300001730
3300005588
3300004174
3300000216
7000000232
3300003794
3300002367
3300000947
3300005818
3300004471
3300010109
3300006946
7000000081
3300004211
3300003803
3300004517
3300005427
3300003485
7000000243
3300003816
3300003747
3300009633
3300000670
3300005367
3300004578
3300000677
3300004203
3300000668
3300000266
3300003986
3300000250
3300003299
3300002634
3300010075
3300000534
3300000177
3300004140
3300005841
3300005969
3300004609
3300005514
3300002352
3300000619
3300009773
3300002474
3300009045
3300003419
2124908025
3300004629
3300009669
3300002348
3300003116
3300003848
3300009522
3300009547
3300005238
3300009029
3300004515
2199352012
3300001132
3300001616
7000000006
3300000136
3300005997
7000000032
3300005701
3300001349
3300006954
3300002120
3300005127
3300001054
3300003401
3300000261
3300007617
3300002949
3300007718
3300002400
3300001697
3300010098
3300001790
7000000241
3300002376
7000000097
2006207004
3300005954
3300006013
3300005536
3300004801
7000000271
3300002057
3300006174
2044078003
3300003785
3300001088
3300002652
3300005398
3300002351
7000000515
3300005153
7000000649
3300000737
3300007537
7000000476
3300003197
3300004244
3300008225
3300004602
3300000059
3300010128
3300002089
7000000711
3300004086
7000000638
3300000712
3300003903
3300007965
3300006801
3300007241
3300005982
3300010257
7000000624
3300000766
3300009789
3300000336
7000000665
3300005989
3300004156
3300002575
3300003854
3300010183
2016842005
3300000596
3300006398
3300003371
3300001786
3300006121
3300000638
3300004104
2032320002
3300001740
3300001283
3300006590
3300001609
3300002804
3300000416
3300003129
3300005552
3300005485
2046860007
3300004167
3300002873
3300006561
3300006706
3300006807
3300004483
3300003190
3300006727
3300000106
3300009818
2100351014
2209111006
3300000955
3300007589
3300009782
3300007812
3300000916
2022920020
3300001711
3300005852
3300002762
7000000074
3300005869
3300001973
3300001804
3300003422
3300002580
3300003682
3300005722
3300000423
7000000401
3300000759
3300004401
3300009434
3300002742
3300002864
3300002906
3300000496
3300009159
7000000673
3300009647
3300000703
7000000296
7000000083
7000000352
3300009448
7000000706
3300009809
3300005235
3300006767
3300005471
3300003352
2010170002
3300001593
3300009172
3300007521
3300005516
3300004105
3300005921
3300005139
3300005602
3300005283
3300007215
3300006365
3300003110
3300007166
3300007420
3300006396
2228664000
3300001106
3300003429
3300002911
3300000597
3300003783
3300004464
3300004160
3300000111
3300010134
3300001469
3300002178
3300006389
3300001475
3300009077
7000000561
7000000535
2046860005
3300002909
3300000898
3300005294
3300003301
3300001714
3300000168
3300009706
3300002149
3300000133
3300010186
7000000653
3300009057
3300009642
7000000521
3300007607
3300007725
7000000022
3300007580
3300006793
3300005414
3300001787
3300002556
3300000172
3300003754
3300005125
3300003359
3300004225
3300000503
3300000322
3300005167
7000000429
7000000632
3300001453
3300001643
3300005676
2162886012
3300001636
2100351008
3300006800
2236876003
3300001805
7000000099
2067725004
3300007982
3300001991
3300003765
3300002738
3300001602
3300005501
3300008961
3300002578
3300010091
3300004519
3300006593
3300002258
3300001071
3300009749
3300005988
3300000249
3300006949
3300000129
3300001253
3300005354
3300002370
3300009184
3300005524
3300002724
3300009026
3300001427
3300004242
3300003593
3300004151
3300000420
3300002347
3300000348
3300003853
3300001042
3300000918
3300007539
3300003541
3300004134
3300004256
3300009049
3300003258
3300000871
3300002903
3300009785
3300006929
2199352001
7000000670
3300009817
3300006009
3300004133
3300001163
3300007344
3300006857
7000000310
3300000634
3300004807
3300003325
7000000394
3300009760
3300000033
3300000655
2004247002
3300003575
7000000442
3300002886
3300002052
3300006990
3300001733
3300004963
3300002353
3300001142
3300006444
3300001403
3300007616
3300002953
3300001414
3300001549
3300005210
3300004173
3300001619
3300005288
3300000676
3300002374
3300002247
3300010173
3300006805
3300001797
3300000154
3300004087
3300006004
7000000261
3300001352
3300001133
3300000954
3300002113
3300007076
2022920010
3300009696
3300010272
3300002792
3300001741
3300005853
3300005130
3300003292
3300009685
3300000580
3300003556
3300009085
3300000186
3300009151
3300009740
3300001295
3300006602
3300000198
3300005566
2029527003
3300002302
3300005682
3300003719
3300010127
3300009613
3300000414
3300001115
3300003799
3300003333
3300008762
3300002166
3300006987
3300007670
3300000694
3300003840
3300003377
2189573023
3300006357
3300000682
3300007230
3300002339
3300005334
3300004230
3300000574
3300001102
3300003388
3300006879
3300006356
3300002680
3300009752
7000000715
3300004119
2228664022
3300001039
3300004080
3300001853
7000000454
3300009430
3300005363
3300000760
7000000646
3300001444
3300006731
2025206003
3300006850
3300006718
3300005635
3300009715
3300004248
3300003819
7000000178
3300005554
2100351016
3300005483
3300002965
3300000161
3300004236
2081372013
3300009598
3300001676
3300003911
3300005692
3300009156
3300003723
3300000242
3300003844
3300003584
7000000484
3300001542
3300002581
3300004976
3300000837
3300001560
3300004580
3300010139
3300009418
3300007490
3300003790
3300001056
2149837010
3300001611
3300004970
7000000616
3300002761
3300005175
3300002432
3300001086
3300003191
3300004095
3300004627
3300002381
3300005112
3300006176
3300007323
3300003296
3300000402
2199352000
3300001203
3300005326
3300001019
3300008197
3300001031
3300001976
7000000690
3300010096
3300000862
3300001244
3300006194
3300005582
3300006244
3300002858
3300002067
3300003735
3300002737
3300009541
7000000615
3300004765
3300003226
3300001125
3300005148
3300005157
3300001232
3300003391
7000000385
3300007655
3300002616
2007309001
3300001950
3300003343
3300004576
3300009779
3300003189
3300001567
3300005303
3300001732
3300001120
3300002803
3300002406
3300001111
3300004492
3300001229
3300003685
3300010253
3300001127
3300008037
3300002877
3300002759
7000000139
3300008201
3300010033
3300005628
3300006162
3300009665
3300005486
3300010077
3300003565
3300004180
3300004977
3300006175
3300002296
3300002547
3300000995
3300001380
2156126000
2088090017
3300008178
3300000347
3300003904
3300002103
3300004626
2156126001
3300002484
3300002060
3300007593
3300007330
3300004096
3300006390
3300008180
3300005594
3300007474
3300009437
3300008163
3300004152
3300003364
3300001085
7000000545
3300004274
3300000342
3300000969
3300006125
3300002431
3300009797
3300001270
3300003751
3300004197
3300003386
3300003547
3300000975
7000000108
3300003132
3300004762
3300005440
3300000271
3300003856
3300004641
3300001261
3300002105
3300006042
3300002564
3300000433
3300006751
3300005599
3300004112
3300009086
3300005627
7000000315
3300003613
3300004466
7000000664
3300004254
3300000236
3300006024
3300006915
3300006029
3300007174
3300006695
3300001154
3300008171
3300005093
3300007488
3300003502
3300000103
3300003243
7000000364
2067725009
3300009648
3300000744
3300001398
3300001287
3300004549
3300005650
3300000857
3300005490
3300002073
3300009428
3300004589
3300002329
3300002986
3300003404
3300010120
3300006035
3300005579
3300002128
2166559021
3300005278
3300005839
3300002325
3300002083
3300001274
3300007265
7000000416
3300001472
2029527002
3300001101
3300005268
3300001729
3300002525
3300007637
3300009734
3300000824
3300001357
2043231000
7000000327
3300004778
3300003155
3300004472
7000000069
2022920003
3300000783
3300007799
2124908036
3300001000
3300004772
3300005362
3300005914
3300005533
3300001005
7000000395
3300005248
3300009032
3300001624
3300000227
3300003168
3300000984
3300001381
3300010106
3300009806
3300003820
7000000122
3300000457
3300010047
3300007449
3300004966
3300004192
3300002656
3300001648
3300004479
3300002225
3300009701
3300002620
3300010089
3300003802
3300000615
3300001348
2119805012
3300005446
7000000492
7000000329
3300002303
3300006110
3300003111
3300001965
3300004525
3300002183
3300009637
2236876011
3300004613
3300004255
3300003596
3300007324
3300002830
3300003236
2228664011
3300007473
3300003348
3300002391
7000000408
3300009826
7000000373
3300002692
3300000704
3300003259
3300001806
2236876008
3300006928
3300005712
3300005497
2119805009
3300005211
3300000312
3300006810
7000000556
2020627003
3300003249
3300003128
3300003713
3300004784
3300001014
3300001433
2014031005
3300002152
3300007234
3300005272
3300002676
2225789003
3300010082
3300004693
3300000915
3300001353
3300001739
2088090015
3300004590
3300004217
3300002091
3300003176
3300007574
3300002983
3300005719
3300001402
3300000788
7000000440
3300002689
3300001653
3300009621
3300010114
2140918001
3300009624
3300004485
3300002315
3300007547
3300009168
3300007187
3300009670
3300005618
3300002826
2166559024
3300010040
7000000549
7000000330
3300001681
7000000246
3300003829
3300004498
3300002638
3300005186
3300006595
3300009147
3300009695
3300003505
3300000905
3300003089
3300000922
3300006010
7000000167
3300004566
3300001946
3300003138
3300009799
3300005948
3300002786
3300009775
7000000033
3300002501
3300001065
3300005854
7000000641
2032320003
3300004245
2070309009
3300002171
3300006790
3300006426
2084038022
3300007158
3300002276
3300004771
3300007581
3300005842
3300002798
3300000135
3300002813
3300001913
3300009653
3300004169
3300000571
2019105001
3300005863
7000000231
3300007000
3300001468
3300000202
3300002753
3300003082
3300000234
3300007555
3300003777
3300010067
3300003557
3300002349
3300000088
3300005941
3300000209
3300000815
3300001399
7000000208
3300001702
3300006571
3300002420
3300002429
3300009548
3300009520
3300000079
3300002257
3300001078
3300002310
3300000366
3300003413
3300002625
3300007706
3300006923
3300007630
7000000436
3300006861
3300006868
7000000255
7000000004
3300002377
3300004226
3300000444
3300002275
7000000044
3300005185
3300008047
3300003589
3300000790
3300004957
3300005209
3300005920
3300002059
3300005927
3300002116
7000000195
2124908040
3300007456
3300005548
3300000142
3300007179
3300010379
2236876001
3300009185
3300008192
3300006362
3300001095
3300004473
3300002550
2124908037
3300002472
2061766000
3300000504
2199352002
3300006038
3300002371
3300008227
3300007818
3300009510
3300000024
3300002867
3300010166
3300005113
3300010026
3300006178
3300006710
3300004279
3300000134
3300006700
3300000421
3300005534
3300001141
3300001347
3300006848
3300002725
3300005329
3300001815
3300009784
3300005479
3300001750
3300000873
3300001727
7000000421
3300003805
3300004172
3300007620
3300008038
3300001417
2014642003
3300001699
3300005932
3300007239
3300002250
3300000679
3300002354
3300010172
7000000443
3300000656
3300000953
3300004808
3300000509
3300004964
3300001618
3300001134
3300004463
3300007463
3300002375
2001200001
3300007615
3300000917
3300005289
3300005685
3300003257
3300009686
3300000775
3300001742
3300009783
3300006934
3300000675
3300002165
3300002115
3300000121
3300001252
3300005302
3300000422
3300002428
3300001798
3300002528
3300009166
3300003118
3300005280
3300004524
3300002294
3300000681
3300005509
3300000140
3300006573
2046860006
3300003264
3300009078
7000000565
3300005603
3300005502
3300000831
3300005987
3300003351
3300002395
7000000587
3300003491
3300000264
7000000407
3300005472
3300000363
3300002802
3300006909
3300001704
3300001791
3300005929
7000000185
3300002340
3300000738
3300009440
3300007165
7000000647
3300001410
3300000132
3300003549
3300002565
3300010111
3300003428
3300006384
3300004592
3300007608
3300005677
3300001272
3300003143
3300008097
3300000598
3300005583
3300000110
3300000233
3300002577
3300002177
3300001247
3300000241
3300010090
3300008002
3300010305
3300001028
7000000654
3300001238
7000000098
3300004241
3300000513
3300001642
3300004547
3300002299
7000000283
3300003764
3300001452
3300002760
3300003676
2015219002
3300005166
3300002106
2162886011
3300000371
3300006592
3300010185
3300002263
3300007636
3300001281
3300001450
3300006226
3300003285
3300009157
3300005843
3300005515
7000000486
3300005922
3300005643
3300005355
3300001043
3300008243
3300009794
3300000171
3300006594
3300008012
3300002758
3300001610
3300007439
3300006368
3300002874
3300009778
3300009671
3300005525
7000000155
3300006001
3300010167
3300000463
3300000403
3300005275
3300003122
7000000582
3300000863
3300003791
3300003300
3300006585
3300005489
3300001202
2016842008
3300002615
7000000630
3300006794
3300004135
7000000233
3300009010
3300008029
3300006246
3300002736
3300003852
3300001447
3300006180
7000000671
3300001430
3300002492
3300005439
3300005549
3300002380
3300006443
3300006177
3300006245
3300002861
2004247008
3300010032
2044078002
3300006195
3300009467
3300005400
3300009542
3300000369
2077657008
3300001720
3300002127
3300002284
3300002239
3300001966
3300009552
3300009410
3300001658
3300000903
3300003504
3300002156
3300005149
3300009666
3300001568
3300004491
3300001218
3300006054
3300001176
3300006163
3300003293
3300005080
3300001057
3300009616
3300002405
3300003421
3300005410
3300001622
3300008214
3300005156
3300005109
2022920018
3300006401
3300004625
3300006603
3300001294
3300002504
3300001541
3300002923
3300003811
3300000188
3300003406
2029527004
3300004184
3300002338
3300007573
3300000175
3300004161
3300002251
3300001288
3300003845
3300009753
3300003482
3300003430
3300002509
3300003378
3300005634
3300009504
3300005955
3300009741
3300003170
3300001731
3300005572
3300000949
3300006015
3300000573
3300001116
2081372003
3300002510
3300006355
3300002980
3300009578
3300005131
3300001955
3300002231
3300005335
3300009575
3300000669
7000000707
3300000060
3300006707
3300004599
3300006192
3300003387
3300007229
3300004773
3300003192
3300002249
7000000469
3300006105
3300001713
3300003289
3300004540
3300003238
3300000732
3300009056
3300006972
3300008235
3300003841
3300003416
3300003376
3300001474
3300003857
3300008177
3300010084
3300006856
3300004081
7000000009
3300005448
3300003830
3300007983
3300001248
3300000181
3300007070
3300010150
3300000190
2162886006
3300003818
3300000691
3300000160
3300009636
7000000226
3300001073
7000000712
3300005333
3300009002
3300004975
3300000203
3300003574
3300009194
3300005553
3300007532
3300003583
3300002301
3300000933
3300005578
2077657024
3300006559
3300009615
3300000750
3300003358
3300003846
3300000512
3300009623
3300000920
3300004526
3300006033
3300008254
3300004532
3300004251
3300009579
3300000751
3300009836
3300002155
3300006484
3300003200
3300004779
3300001213
3300001810
3300000745
7000000038
3300006752
3300002365
3300003265
3300006874
3300002711
3300001249
3300002082
3300006111
3300003558
3300002626
3300003792
2061766005
7000000498
7000000028
3300001275
3300001677
3300005361
3300000921
3300009175
3300010030
3300005571
3300005913
3300009438
3300006059
2119805011
3300009549
3300000725
3300003405
3300001701
7000000335
7000000574
3300010200
3300001625
3300005269
3300009823
3300001580
3300003205
3300000983
3300002987
3300008007
3300009816
7000000593
3300006379
3300003135
7000000184
3300005610
3300003207
3300008011
3300002185
3300009581
3300003297
3300003199
3300003127
3300003349
3300000412
7000000366
7000000713
3300000996
3300006694
3300003363
3300001084
3300001301
3300007592
3300010187
3300003119
3300002954
3300004153
7000000316
3300000477
3300001271
3300007541
3300001112
3300005151
3300004614
3300005385
3300002285
3300010131
3300005438
3300000636
3300000259
3300010031
3300007331
3300005621
7000000621
2030936005
7000000293
3300005411
3300009597
3300008170
3300003479
3300002383
3300006969
3300010142
3300005979
3300005928
3300004490
3300001166
3300006041
2124908030
3300001262
2088090009
3300010064
3300007817
3300000792
3300005848
3300004635
3300007626
3300003244
3300003548
3300009714
3300009111
3300005626
3300005380
3300009169
3300004113
3300006044
7000000513
3300002493
3300006391
3300004465
3300010249
3300009075
3300004563
3300002548
3300002801
3300004763
3300002827
3300001104
3300006732
3300009501
3300005604
7000000681
3300006729
3300001589
3300000235
3300008200
3300004642
3300005933
3300003162
3300009146
7000000262
3300005947
3300002582
3300007157
3300002394
3300001064
7000000168
3300005940
3300000729
3300005547
2065487018
3300003776
3300000778
7000000016
3300002170
3300004582
3300000404
3300000976
3300003167
3300005184
3300004553
7000000346
3300002277
3300000773
2032320004
3300001598
3300001356
3300000102
3300010159
3300005695
3300001914
3300001463
3300002752
3300006869
7000000370
3300002184
7000000546
3300001147
3300002812
3300006570
7000000599
3300008162
3300003210
3300005642
3300006086
3300002791
3300000565
3300001779
2058419003
3300009774
2049941000
3300000856
3300002774
3300001341
3300003823
3300000041
3300004573
7000000321
3300002681
2236876009
3300009640
3300002630
3300002787
3300004016
3300005455
3300006942
3300005859
3300005247
3300000155
3300005447
3300002104
3300007649
3300010081
3300008189
3300000097
7000000250
2029527007
3300004201
2228664010
3300003223
3300004216
3300002390
3300000343
3300002151
3300004795
3300004539
3300002485
3300005491
7000000698
3300002977
2100351003
3300010103
3300004785
3300008226
3300009805
7000000194
3300001747
7000000374
3300001943
3300001305
7000000225
3300005260
2189573029
3300000119
3300009629
3300004198
3300003217
7000000100
3300005980
3300006922
3300000897
3300002248
3300004273
3300000731
3300009003
3300002722
3300000649
3300002099
3300004510
3300000311
3300001013
3300008169
3300001079
3300000351
3300007233
3300009447
3300003107
3300006632
3300002637
3300005212
3300001767
3300005494
3300009761
3300002314
3300000642
3300004486
3300003385
3300001416
3300002675
3300009096
3300005176
3300003309
3300006374
3300004497
3300002324
3300002341
7000000559
3300003614
3300003595
3300000785
3300002665
3300002074
3300006008
3300003083
3300004969
3300002066
2081372006
3300000874
3300000488
3300001140
3300004692
3300002337
3300002092
3300007546
3300003828
3300003235
3300002514
3300009689
3300002691
2070309010
7000000568
3300000350
3300006908
3300001113
3300007596
3300004266
3300006698
3300009660
3300002922
3300009160
3300005633
3300009070
2189573022
3300000663
3300003586
3300002503
3300000576
3300006193
3300001385
7000000057
3300006878
3300003842
3300000692
3300000167
3300006018
3300000986
3300002164
3300000362
3300003483
3300003563
3300004974
3300004474
3300010112
3300009087
3300005956
3300005391
3300009601
3300009635
3300000061
3300002126
3300009071
3300004097
3300003488
3300000697
3300009742
7000000090
3300002182
3300003516
3300008003
3300004206
3300001544
3300003570
3300003193
3300004264
3300006037
3300002240
3300000680
3300003554
3300006733
3300003341
3300005584
3300004536
3300001177
3300003577
3300000229
3300001051
3300003195
3300000180
3300000263
7000000176
3300001032
3300003230
3300001020
2199352030
3300002871
3300001691
3300010251
3300001709
3300000590
3300002781
3300007325
3300004220
3300002749
3300001613
3300005915
3300005274
3300009182
3300006424
3300005328
3300002614
3300004240
3300003294
3300002956
3300010152
3300005103
3300002404
3300002604
3300001129
3300006584
2140918027
3300001069
3300005356
3300005350
3300004187
3300006894
3300008030
3300001246
3300000370
3300007243
3300003109
2044078008
3300001058
3300003797
3300005488
3300003415
3300002386
3300005615
3300002072
3300009768
3300005207
3300005433
2009439003
3300003772
3300001230
3300005257
3300008035
3300005132
3300002434
7000000380
3300003311
3300005336
3300004585
7000000740
3300000497
3300009750
3300003373
3300003227
7000000236
3300002757
3300001170
3300000902
3300005146
3300002682
3300007723
3300002252
3300001195
3300005108
3300002326
3300008242
3300005301
3300001180
2003000006
3300005684
3300001569
3300001751
3300003220
3300004494
3300002673
3300005173
3300004512
3300002293
3300007757
3300003187
3300005965
3300005281
3300002328
3300009446
3300003218
3300003501
3300009630
7000000406
2018322000
3300009455
3300004694
3300000206
3300002398
3300002869
3300006688
3300001473
3300007476
3300005996
3300002176
7000000726
3300009040
2040502002
3300001634
3300005543
3300006866
3300001467
3300005678
3300000769
3300009709
3300008250
3300000087
3300001632
3300001956
3300003688
3300002085
3300003694
3300004805
3300001286
3300006394
3300000131
3300005480
7000000298
3300004171
3300003677
3300000501
3300007605
3300006360
3300005573
7000000197
3300008949
2124908018
2124908029
3300001165
3300001236
7000000396
3300003752
3300000144
2006543006
3300006619
3300001807
7000000039
7000000731
3300009700
3300005258
3300007984
3300001641
3300009444
3300003354
3300006383
3300009675
3300001716
3300001096
7000000471
3300008228
3300002256
3300002912
3300004124
3300005233
3300001239
7000000147
3300002818
3300005503
3300007612
3300005518
3300002557
3300001600
3300005169
7000000142
3300001029
3300001978
3300004564
3300005286
3300002054
3300005560
3300005070
3300007520
3300009787
3300000952
3300005872
3300006387
3300004144
3300007460
3300005526
7000000447
3300000645
2124908038
2004247007
3300001355
3300001255
3300003420
3300000044
3300000346
3300001814
2124908009
3300004227
3300000219
3300000252
3300010171
3300009419
3300003517
3300004136
3300000632
3300003850
3300008021
3300000616
3300002389
3300002372
7000000312
3300002333
3300006847
3300010170
2124908032
3300001695
3300001396
3300004069
3300001835
3300002840
3300006179
3300003781
3300000193
3300001792
7000000348
7000000077
3300006011
3300007981
3300005441
3300001744
3300003767
3300004480
3300001456
3300010029
3300002773
3300005364
3300001539
3300003112
3300000674
2044078001
3300002355
3300006597
3300008215
3300004612
3300007217
3300008995
3300003256
2084038019
3300001799
3300003139
3300005855
3300000427
7000000214
7000000449
3300010180
3300006358
3300000122
3300001800
3300004521
3300003730
7000000510
3300009059
3300002356
7000000085
3300006002
3300006791
3300000124
3300004684
3300009770
3300002635
3300005531
3300005616
3300000210
3300003810
3300002154
3300009676
3300004089
3300000724
3300007181
3300006007
3300000568
3300007464
7000000300
3300007283
3300006692
3300002664
3300007808
3300009815
3300002342
3300009039
3300001268
3300000564
3300000648
3300009767
3300000391
7000000554
3300002819
3300009683
3300001135
7000000604
7000000434
3300003478
3300004551
7000000258
3300001076
3300001915
3300002118
3300002282
3300000719
3300009717
3300000042
3300008172
3300007276
3300007543
3300002790
3300005568
3300001683
3300009804
3300009639
3300009824
3300005128
3300004611
3300002881
3300004487
3300000657
3300003851
2014031007
3300007232
2140918012
3300004968
3300002331
7000000224
3300008253
3300004190
3300006402
7000000305
3300000621
3300000599
3300000786
3300004634
2019105002
3300005648
3300010141
3300005345
2029527001
7000000462
3300004082
3300002232
3300008221
3300003108
3300004295
3300006712
7000000667
3300004257
3300009693
3300002424
3300002393
7000000190
3300004108
3300010039
3300002422
3300000553
3300003399
3300001362
3300000170
3300001047
3300009137
3300005454
3300003721
3300004782
3300006631
3300001012
3300000779
3300001160
3300003555
3300001715
3300002065
3300003944
3300001063
3300009626
3300001404
3300002363
3300003771
3300005511
7000000558
3300002481
3300009708
3300002273
3300003250
3300004548
7000000534
3300005971
3300005934
3300001987
2032320005
3300003778
3300002544
3300006889
3300002093
3300003392
3300000207
7000000504
3300003693
3300000077
3300002811
3300002751
3300004955
3300001661
3300003746
3300009651
3300004588
3300002788
3300005714
3300009777
3300006181
3300001351
3300000200
3300009728
3300001285
3300003860
3300009091
3300000829
3300006912
7000000499
3300003355
3300000251
3300007549
3300005943
3300006102
3300010079
3300010094
7000000115
7000000425
3300000368
3300003098
3300004554
3300006943
3300004247
3300009688
3300007168
3300007326
3300002985
3300000924
3300007653
3300000895
3300007341
2077657012
2061766006
3300000238
3300003798
3300001571
3300003503
3300001296
7000000596
3300001949
3300007708
3300004574
2088090012
3300007632
3300010190
7000000575
3300000082
3300000101
3300001419
2030936003
3300003757
7000000334
3300003914
3300001963
7000000651
3300003789
7000000527
3300003196
3300003208
3300005154
3300000742
3300006935
3300004215
3300009183
3300005569
3300000884
3300004794
3300002262
3300002317
3300000739
3300006022
7000000367
3300001002
3300001122
3300010181
3300004595
3300001461
3300001083
3300004538
7000000127
3300000896
3300000435
3300008009
3300001138
2004247000
3300003166
3300006122
3300008042
3300001411
3300009790
3300007526
3300003590
3300004159
3300003134
3300000118
3300004468
3300003277
3300001007
3300009580
3300006378
3300005160
3300002515
3300000487
3300009596
3300005390
3300009807
3300003905
3300002549
3300007998
3300009100
3300003144
3300005908
3300009593
3300002364
7000000317
3300007540
3300002071
3300001752
3300007244
7000000065
3300005652
3300000977
3300000385
3300007595
3300002530
3300005442
3300003749
3300002537
3300004603
7000000676
3300007667
3300007332
3300003500
3300006871
3300000324
3300000752
7000000410
3300005694
3300003804
3300003715
3300006781
3300010038
3300006112
3300009724
3300002715
3300002181
3300005147
3300002674
3300009426
3300006043
3300006753
3300008018
3300000031
3300001369
3300003113
3300002710
3300003380
3300005266
3300002158
3300000781
3300002797
3300004506
3300008191
3300000671
3300009508
3300006027
3300002327
3300009527
3300001735
3300010045
3300007625
3300000705
3300007197
3300010153
3300000557
3300006859
3300007258
7000000627
7000000490
7000000071
3300005592
3300009659
3300003326
3300004624
2124908028
3300007516
7000000264
3300001721
3300005597
3300010119
3300005556
3300002270
3300003402
3300000179
3300002035
3300002627
7000000289
3300004776
3300000617
3300002101
3300010129
3300000451
3300003206
3300005916
3300002644
7000000397
3300001346
3300010122
3300004804
3300005437
3300005978
3300005805
3300003228
7000000677
3300007550
3300006119
3300001021
3300010140
7000000741
3300003374
3300009725
3300004493
7000000320
3300005351
3300006425
7000000110
2236876000
3300010097
3300001424
3300006578
3300006730
3300010151
3300000870
2044078007
3300001068
3300003120
3300001340
2199352008
3300001612
3300007159
3300005256
3300003295
3300003331
3300001689
3300004545
3300002828
3300000052
3300001059
3300006734
2077657019
3300003270
3300004278
7000000045
3300003165
3300008199
3300001502
3300002952
3300000901
3300000601
3300002876
3300006046
3300006395
3300005906
3300002613
3300001722
3300004597
3300004685
3300006634
3300007578
3300005300
3300001231
3300002756
3300003390
3300002053
3300009544
2081372005
3300003347
3300000906
3300010254
3300006635
3300006113
3300001045
3300001196
3300006056
3300002163
7000000518
3300003585
2022920016
2003000007
3300005632
3300001114
7000000700
3300000620
3300005856
3300006012
3300005555
3300001781
3300000912
3300009058
3300009445
3300003291
3300006709
3300009088
3300002125
3300000166
3300007681
3300009161
3300000575
3300005234
2140918008
3300005347
3300002741
3300008245
3300003782
7000000048
3300005337
3300006190
3300006405
3300000879
3300002077
3300006921
7000000213
3300006641
3300001523
3300004163
3300010430
3300004505
3300004973
3300002255
3300010189
3300000698
3300005133
3300003489
3300007225
3300002332
7000000084
3300003600
3300009691
3300004098
3300003194
3300005574
3300001498
3300007334
3300009550
7000000709
3300003126
3300002033
3300002739
3300002982
3300003389
3300009498
3300006717
3300010149
3300000201
3300003843
3300007250
7000000093
3300001022
2001200004
3300006442
3300008085
3300007557
3300003153
3300001050
2022920019
3300003246
7000000278
3300003215
3300001070
3300007642
3300001466
3300001205
3300003649
7000000628
3300003213
3300009786
3300010197
3300002933
7000000583
3300008000
3300000833
3300002603
3300001345
3300000951
3300004253
3300003397
3300000436
3300006687
3300008004
3300003342
3300001690
3300010028
3300001406
3300001813
3300006164
3300000756
3300000631
3300000500
3300002772
3300002748
7000000633
3300006596
3300002902
2016842001
3300000502
3300000579
3300002094
7000000526
3300002084
3300004179
3300002373
3300007816
7000000716
7000000441
3300005500
3300004195
3300003225
3300002913
3300004522
3300009188
3300000032
3300000192
3300005115
3300008757
3300007712
3300002241
3300002868
3300010178
3300003564
3300001734
3300004228
7000000727
7000000260
3300005252
3300001649
3300004091
7000000460
3300007661
7000000400
3300001793
2009439000
3300002433
3300000123
3300005605
3300000405
3300003426
3300002800
3300002357
3300000125
3300006900
3300001254
3300010048
3300009684
3300000511
3300007465
3300005923
3300007647
3300006224
3300001061
3300006806
3300005122
3300001635
3300005168
7000000351
3300002908
3300009072
3300002297
3300006702
3300001970
3300005542
3300000157
2077657010
3300007611
3300000130
3300005432
3300003686
7000000405
3300008251
2010170003
3300002292
3300005986
3300010179
3300005519
3300003353
7000000661
2040502001
3300003131
3300002175
3300004125
3300001706
7000000511
3300002823
3300002558
3300003687
3300005567
3300005287
3300003269
3300003149
3300005660
3300004806
3300002809
3300001640
3300007788
3300009154
3300001136
3300009411
7000000036
3300007606
3300002963
3300004561
3300010133
3300001237
2124908017
3300008229
3300009443
3300004535
7000000472
3300000169
3300004836
3300006382
3300002555
3300001579
2100351010
3300001977
3300004511
3300002388
3300004170
3300000243
3300005517
2053563014
3300001990
3300001601
2100351007
3300007489
3300001260
3300004249
3300007613
3300010404
2236876006
3300009497
3300002568
3300001808
2006543007
3300003490
3300004475
3300002789
3300010188
3300000858
2022920004
3300000904
3300009796
3300006799
3300009776
3300009610
3300000045
2100351001
3300000825
3300009144
3300002179
3300006792
2065487013
3300009694
3300002482
3300002304
2084038021
3300005541
3300002362
3300001405
3300000706
3300001062
3300000109
3300005949
3300001633
3300000208
3300002683
3300005950
7000000519
3300009409
3300005935
3300002311
2010484004
3300003141
3300004587
3300005174
3300003770
3300000828
3300000228
3300001354
3300006726
3300007485
3300005114
3300001953
3300002750
3300000195
3300009652
7000000136
2088090004
3300003412
3300002641
3300000100
2084038009
3300001269
3300010105
7000000102
3300006890
3300005532
3300010108
3300003766
3300010083
3300005481
3300007631
7000000426
3300006867
3300004221
3300002421
3300000584
3300002483
3300000237
3300007327
3300009607
3300002810
7000000696
3300005249
3300007342
2044078000
3300001572
3300006780
3300000394
3300003598
3300007961
3300009645
3300007960
3300007517
3300002274
3300000254
3300001964
3300003821
3300005449
7000000584
2225789004
3300009013
3300004559
3300001418
3300001546
3300006701
3300009687
2236876007
3300003826
3300004552
3300001119
3300005653
3300009094
3300006860
3300006936
3300005496
3300002423
3300002663
3300000723
3300002253
3300004109
3300002921
3300000345
3300008220
2124908023
3300000647
3300004488
3300005625
2236876010
3300004965
2035918006
3300002538
3300002117
3300007533
3300005639
7000000605
3300007178
2209111003
3300007542
3300005995
3300004207
2236876020
3300003237
3300001077
3300008179
3300000313
7000000606
3300002153
3300000629
3300000563
3300006601
3300007205
3300000411
3300003403
3300002316
3300007457
3300005493
3300003576
3300001082
3300000043
3300009803
3300000733
3300004960
3300000910
3300000145
2058419001
3300000662
7000000148
3300004770
7000000386
7000000512
3300002233
3300006680
3300005649
3300001941
3300002914
3300004499
3300001259
3300001153
3300003621
3300004783
3300002392
7000000461
3300005344
3300002330
3300006404
3300005957
2014031004
3300002989
3300000447
3300000567
3300001606
3300008164
3300005443
3300002343
3300005617
2140918007
3300007231
3300003427
3300001011
3300002693
3300010164
3300009798
3300003692
3300005401
7000000207
3300000640
3300001652
3300003616
3300009716
3300000558
3300001762
3300009600
3300002110
7000000708
3300010037
3300002526
3300000353
3300003088
2209111000
3300003148
3300008017
3300000753
3300007072
3300002796
3300001749
3300008194
7000000666
7000000576
3300001257
3300001033
3300004162
3300002269
3300001370
3300003729
2124908007
3300003619
3300005669
3300005838
2061766003
7000000186
3300003607
7000000252
3300009425
3300006640
3300004233
3300006858
2199352029
3300009729
3300007548
3300004523
3300000600
3300007582
2124908039
3300003263
3300001678
3300002157
3300010121
3300006920
3300010086
3300005295
7000000265
3300000872
3300001703
3300004537
3300005591
3300004623
3300006913
3300002271
3300003154
3300004958
3300004261
3300004777
3300006103
3300006126
2004247005
3300006750
3300005267
3300003362
3300000178
3300009751
3300006846
3300000998
3300000618
3300008086
3300001397
3300002628
3300000083
3300002109
3300004200
3300000519
3300008001
3300004571
3300004530
3300002820
3300002560
3300000743
3300003330
3300009583
3300005387
3300002430
7000000571
3300002147
3300006918
7000000295
7000000118
3300009505
3300007333
3300003758
7000000333
3300000323
3300005436
3300000965
3300001008
3300003137
7000000491
3300007594
3300004633
3300005606
3300004467
3300001460
3300003302
3300003906
7000000502
3300008041
7000000652
3300001728
3300006366
3300006579
7000000503
3300001221
3300005662
7000000306
3300007189
7000000107
3300000407
3300003100
3300006377
3300002829
3300004640
3300010198
3300009167
3300005540
7000000140
3300000339
3300004258
3300009791
3300006789
3300001273
3300005942
3300007624
3300004598
7000000318
3300000889
3300004632
3300006021
3300007668
3300001627
3300004768
3300005382
3300002714
3300002162
3300002295
7000000509
7000000488
3300000650
3300002283
3300001044
3300004604
3300003290
7000000600
3300000978
3300006893
